# Nota: C-Order, 1 refers to the Y axis, 2 to the X axis
# Calibration done on Fri Mar 20 12:58:43 2026
poni_version: 2.1
Detector: Detector
Detector_config: {"pixel1": 5.4999999999999995e-05, "pixel2": 5.4999999999999995e-05, "orientation": 2, "max_shape": [3570, 3570]}
Distance: 0.3547076638011317
Poni1: 0.09351256882645952
Poni2: 0.09951938779681666
Rot1: -0.0066302303178838295
Rot2: -0.002804108211960624
Rot3: 9.295981786117125e-06
Wavelength: 4.96e-11
