# Nota: C-Order, 1 refers to the Y axis, 2 to the X axis
# Calibration done on Fri Mar 20 12:58:43 2026
poni_version: 2.1
Detector: Detector
Detector_config: {"pixel1": 5.4999999999999995e-05, "pixel2": 5.4999999999999995e-05, "orientation": 2, "max_shape": [3570, 3570]}
Distance: 0.3546837780159086
Poni1: 0.09349097334433831
Poni2: 0.09701045957490882
Rot1: -0.013409046084716618
Rot2: -0.0025881732779762415
Rot3: 1.735273707215157e-05
Wavelength: 4.96e-11
